Element["" "" "" "" 1000 1000 1000 1000 0 100 ""]
(
Pad[-48543 0 -48543 0 23897 1600 24697 "pin 1" "1" "square" ]
Pad[48543 0 48543 0 23897 1600 24697 "pin 1" "1" "square" ]
Pad[0 0 0 0 23897 1600 24697 "pin 2" "2" "square" ]
ElementLine[-36498 -14164 -36667 -13833 1000]
ElementLine[-36498 -14500 -36498 -14164 1000]
ElementLine[-36336 -14668 -36498 -14500 1000]
ElementLine[-36167 -15000 -36336 -14668 1000]
ElementLine[-35999 -15336 -36167 -15000 1000]
ElementLine[-35999 -15667 -35999 -15336 1000]
ElementLine[-35831 -15997 -35999 -15667 1000]
ElementLine[-35668 -16335 -35831 -15997 1000]
ElementLine[-35500 -16503 -35668 -16335 1000]
ElementLine[-35332 -16833 -35500 -16503 1000]
ElementLine[-35332 -17164 -35332 -16833 1000]
ElementLine[-35169 -17500 -35332 -17164 1000]
ElementLine[-35001 -17832 -35169 -17500 1000]
ElementLine[-34833 -18000 -35001 -17832 1000]
ElementLine[-34665 -18331 -34833 -18000 1000]
ElementLine[-34502 -18667 -34665 -18331 1000]
ElementLine[-34334 -18999 -34502 -18667 1000]
ElementLine[-34166 -19167 -34334 -18999 1000]
ElementLine[-33997 -19503 -34166 -19167 1000]
ElementLine[-33835 -19833 -33997 -19503 1000]
ElementLine[-33666 -20164 -33835 -19833 1000]
ElementLine[-33498 -20333 -33666 -20164 1000]
ElementLine[-33336 -20669 -33498 -20333 1000]
ElementLine[-33167 -21000 -33336 -20669 1000]
ElementLine[-32999 -21168 -33167 -21000 1000]
ElementLine[-32831 -21499 -32999 -21168 1000]
ElementLine[-32668 -21836 -32831 -21499 1000]
ElementLine[-32499 -21999 -32668 -21836 1000]
ElementLine[-32169 -22335 -32499 -21999 1000]
ElementLine[-32001 -22665 -32169 -22335 1000]
ElementLine[-31832 -22833 -32001 -22665 1000]
ElementLine[-31664 -23165 -31832 -22833 1000]
ElementLine[-31502 -23501 -31664 -23165 1000]
ElementLine[-31502 -23501 -31003 -24000 1000]
ElementLine[-30834 -24168 -31003 -24000 1000]
ElementLine[-30666 -24500 -30834 -24168 1000]
ElementLine[-30498 -24836 -30666 -24500 1000]
ElementLine[-30167 -24999 -30498 -24836 1000]
ElementLine[-29999 -25335 -30167 -24999 1000]
ElementLine[-29831 -25497 -29999 -25335 1000]
ElementLine[-29831 -25497 -29332 -26003 1000]
ElementLine[-29169 -26333 -29332 -26003 1000]
ElementLine[-29001 -26501 -29169 -26333 1000]
ElementLine[-28664 -26832 -29001 -26501 1000]
ElementLine[-28502 -27000 -28664 -26832 1000]
ElementLine[-28165 -27332 -28502 -27000 1000]
ElementLine[-28002 -27500 -28165 -27332 1000]
ElementLine[-27834 -27668 -28002 -27500 1000]
ElementLine[-27498 -27999 -27834 -27668 1000]
ElementLine[-27335 -28167 -27498 -27999 1000]
ElementLine[-26999 -28497 -27335 -28167 1000]
ElementLine[-26836 -28667 -26999 -28497 1000]
ElementLine[-26500 -28835 -26836 -28667 1000]
ElementLine[-26331 -29165 -26500 -28835 1000]
ElementLine[-26000 -29333 -26331 -29165 1000]
ElementLine[-26000 -29333 -25333 -30000 1000]
ElementLine[-25002 -30169 -25333 -30000 1000]
ElementLine[-24834 -30500 -25002 -30169 1000]
ElementLine[-24498 -30668 -24834 -30500 1000]
ElementLine[-24335 -30831 -24498 -30668 1000]
ElementLine[-23998 -30999 -24335 -30831 1000]
ElementLine[-23836 -31335 -23998 -30999 1000]
ElementLine[-23499 -31499 -23836 -31335 1000]
ElementLine[-23168 -31666 -23499 -31499 1000]
ElementLine[-23000 -31834 -23168 -31666 1000]
ElementLine[-22669 -32003 -23000 -31834 1000]
ElementLine[-22501 -32165 -22669 -32003 1000]
ElementLine[-22165 -32500 -22501 -32165 1000]
ElementLine[-21834 -32663 -22165 -32500 1000]
ElementLine[-21666 -32833 -21834 -32663 1000]
ElementLine[-21335 -33001 -21666 -32833 1000]
ElementLine[-20998 -33169 -21335 -33001 1000]
ElementLine[-20836 -33332 -20998 -33169 1000]
ElementLine[-20499 -33500 -20836 -33332 1000]
ElementLine[-20168 -33668 -20499 -33500 1000]
ElementLine[-19832 -33831 -20168 -33668 1000]
ElementLine[-19669 -33999 -19832 -33831 1000]
ElementLine[-19333 -34167 -19669 -33999 1000]
ElementLine[-19002 -34336 -19333 -34167 1000]
ElementLine[-18665 -34499 -19002 -34336 1000]
ElementLine[-18503 -34667 -18665 -34499 1000]
ElementLine[-18166 -34835 -18503 -34667 1000]
ElementLine[-17835 -34997 -18166 -34835 1000]
ElementLine[-17499 -35165 -17835 -34997 1000]
ElementLine[-17331 -35333 -17499 -35165 1000]
ElementLine[-17000 -35501 -17331 -35333 1000]
ElementLine[-16669 -35501 -17000 -35501 1000]
ElementLine[-16331 -35665 -16669 -35501 1000]
ElementLine[-16002 -35833 -16331 -35665 1000]
ElementLine[-15833 -36001 -16002 -35833 1000]
ElementLine[-15502 -36169 -15833 -36001 1000]
ElementLine[-15166 -36332 -15502 -36169 1000]
ElementLine[-14835 -36332 -15166 -36332 1000]
ElementLine[-14499 -36500 -14835 -36332 1000]
ElementLine[-14168 -36668 -14499 -36500 1000]
ElementLine[-13831 -36831 -14168 -36668 1000]
ElementLine[-13669 -36831 -13831 -36831 1000]
ElementLine[-13332 -37000 -13669 -36831 1000]
ElementLine[-13001 -37168 -13332 -37000 1000]
ElementLine[-12665 -37168 -13001 -37168 1000]
ElementLine[-12334 -37336 -12665 -37168 1000]
ElementLine[-11998 -37499 -12334 -37336 1000]
ElementLine[-11667 -37499 -11998 -37499 1000]
ElementLine[-11336 -37667 -11667 -37499 1000]
ElementLine[-10999 -37667 -11336 -37667 1000]
ElementLine[-10668 -37835 -10999 -37667 1000]
ElementLine[-10500 -37835 -10668 -37835 1000]
ElementLine[-10169 -37997 -10500 -37835 1000]
ElementLine[-9833 -38165 -10169 -37997 1000]
ElementLine[-9833 -38165 -9166 -38165 1000]
ElementLine[-8835 -38333 -9166 -38165 1000]
ElementLine[-8498 -38333 -8835 -38333 1000]
ElementLine[-8167 -38503 -8498 -38333 1000]
ElementLine[-7831 -38503 -8167 -38503 1000]
ElementLine[-7500 -38665 -7831 -38503 1000]
ElementLine[-7500 -38665 -6833 -38665 1000]
ElementLine[-6502 -38833 -6833 -38665 1000]
ElementLine[-6502 -38833 -5834 -38833 1000]
ElementLine[-5498 -39001 -5834 -38833 1000]
ElementLine[-5498 -39001 -4500 -39001 1000]
ElementLine[-4169 -39164 -4500 -39001 1000]
ElementLine[-4169 -39164 -2834 -39164 1000]
ElementLine[-2498 -39332 -2834 -39164 1000]
ElementLine[-2498 -39332 3166 -39332 1000]
ElementLine[3503 -39164 3166 -39332 1000]
ElementLine[3503 -39164 4832 -39164 1000]
ElementLine[5168 -39001 4832 -39164 1000]
ElementLine[5168 -39001 5836 -39001 1000]
ElementLine[6166 -38833 5836 -39001 1000]
ElementLine[6166 -38833 7002 -38833 1000]
ElementLine[7333 -38665 7002 -38833 1000]
ElementLine[7669 -38665 7333 -38665 1000]
ElementLine[8000 -38503 7669 -38665 1000]
ElementLine[8000 -38503 8668 -38503 1000]
ElementLine[8998 -38333 8668 -38503 1000]
ElementLine[9335 -38333 8998 -38333 1000]
ElementLine[9666 -38165 9335 -38333 1000]
ElementLine[10002 -38165 9666 -38165 1000]
ElementLine[10333 -37997 10002 -38165 1000]
ElementLine[10664 -37997 10333 -37997 1000]
ElementLine[11000 -37835 10664 -37997 1000]
ElementLine[11331 -37835 11000 -37835 1000]
ElementLine[11668 -37667 11331 -37835 1000]
ElementLine[11999 -37499 11668 -37667 1000]
ElementLine[12167 -37499 11999 -37499 1000]
ElementLine[12498 -37336 12167 -37499 1000]
ElementLine[12834 -37336 12498 -37336 1000]
ElementLine[13165 -37168 12834 -37336 1000]
ElementLine[13502 -37000 13165 -37168 1000]
ElementLine[13832 -37000 13502 -37000 1000]
ElementLine[14169 -36831 13832 -37000 1000]
ElementLine[14500 -36668 14169 -36831 1000]
ElementLine[14831 -36500 14500 -36668 1000]
ElementLine[14999 -36500 14831 -36500 1000]
ElementLine[15335 -36332 14999 -36500 1000]
ElementLine[15666 -36169 15335 -36332 1000]
ElementLine[16003 -36001 15666 -36169 1000]
ElementLine[16334 -35833 16003 -36001 1000]
ElementLine[16664 -35833 16334 -35833 1000]
ElementLine[16833 -35665 16664 -35833 1000]
ElementLine[17169 -35501 16833 -35665 1000]
ElementLine[17169 -35501 17831 -35165 1000]
ElementLine[18167 -34997 17831 -35165 1000]
ElementLine[18336 -34835 18167 -34997 1000]
ElementLine[18336 -34835 18997 -34499 1000]
ElementLine[19333 -34499 18997 -34499 1000]
ElementLine[19501 -34336 19333 -34499 1000]
ElementLine[19833 -34167 19501 -34336 1000]
ElementLine[20169 -33999 19833 -34167 1000]
ElementLine[20500 -33831 20169 -33999 1000]
ElementLine[20668 -33500 20500 -33831 1000]
ElementLine[21000 -33332 20668 -33500 1000]
ElementLine[21336 -33169 21000 -33332 1000]
ElementLine[21499 -33001 21336 -33169 1000]
ElementLine[21835 -32833 21499 -33001 1000]
ElementLine[22165 -32663 21835 -32833 1000]
ElementLine[22333 -32500 22165 -32663 1000]
ElementLine[22665 -32333 22333 -32500 1000]
ElementLine[23001 -32165 22665 -32333 1000]
ElementLine[23001 -32165 23668 -31499 1000]
ElementLine[24000 -31335 23668 -31499 1000]
ElementLine[24336 -31167 24000 -31335 1000]
ElementLine[24499 -30831 24336 -31167 1000]
ElementLine[24835 -30668 24499 -30831 1000]
ElementLine[24997 -30500 24835 -30668 1000]
ElementLine[25335 -30332 24997 -30500 1000]
ElementLine[25503 -30000 25335 -30332 1000]
ElementLine[25833 -29832 25503 -30000 1000]
ElementLine[25833 -29832 26500 -29165 1000]
ElementLine[26832 -29003 26500 -29165 1000]
ElementLine[27000 -28667 26832 -29003 1000]
ElementLine[27331 -28497 27000 -28667 1000]
ElementLine[27499 -28335 27331 -28497 1000]
ElementLine[27499 -28335 28503 -27332 1000]
ElementLine[28665 -27168 28503 -27332 1000]
ElementLine[29001 -26832 28665 -27168 1000]
ElementLine[29164 -26664 29001 -26832 1000]
ElementLine[29333 -26333 29164 -26664 1000]
ElementLine[29669 -26165 29333 -26333 1000]
ElementLine[29832 -25833 29669 -26165 1000]
ElementLine[29832 -25833 30499 -25167 1000]
ElementLine[30667 -24836 30499 -25167 1000]
ElementLine[30836 -24668 30667 -24836 1000]
ElementLine[31167 -24331 30836 -24668 1000]
ElementLine[31335 -24000 31167 -24331 1000]
ElementLine[31497 -23832 31335 -24000 1000]
ElementLine[31665 -23501 31497 -23832 1000]
ElementLine[32001 -23333 31665 -23501 1000]
ElementLine[32165 -23001 32001 -23333 1000]
ElementLine[32333 -22665 32165 -23001 1000]
ElementLine[32500 -22497 32333 -22665 1000]
ElementLine[32669 -22167 32500 -22497 1000]
ElementLine[32832 -21836 32669 -22167 1000]
ElementLine[33000 -21667 32832 -21836 1000]
ElementLine[33168 -21331 33000 -21667 1000]
ElementLine[33168 -21331 33668 -20832 1000]
ElementLine[33836 -20501 33668 -20832 1000]
ElementLine[33999 -20164 33836 -20501 1000]
ElementLine[34167 -20001 33999 -20164 1000]
ElementLine[34335 -19665 34167 -20001 1000]
ElementLine[34497 -19335 34335 -19665 1000]
ElementLine[34665 -18999 34497 -19335 1000]
ElementLine[34833 -18835 34665 -18999 1000]
ElementLine[35003 -18499 34833 -18835 1000]
ElementLine[35165 -18168 35003 -18499 1000]
ElementLine[35165 -17832 35165 -18168 1000]
ElementLine[35333 -17500 35165 -17832 1000]
ElementLine[35501 -17332 35333 -17500 1000]
ElementLine[35664 -17001 35501 -17332 1000]
ElementLine[35832 -16665 35664 -17001 1000]
ElementLine[36000 -16335 35832 -16665 1000]
ElementLine[36168 -15997 36000 -16335 1000]
ElementLine[36168 -15834 36168 -15997 1000]
ElementLine[36332 -15499 36168 -15834 1000]
ElementLine[36500 -15168 36332 -15499 1000]
ElementLine[36668 -14832 36500 -15168 1000]
ElementLine[36668 -14500 36668 -14832 1000]
ElementLine[36836 -14164 36668 -14500 1000]
ElementLine[36999 -13833 36836 -14164 1000]
ElementLine[36836 14167 36999 13831 1000]
ElementLine[36836 14498 36836 14167 1000]
ElementLine[36668 14666 36836 14498 1000]
ElementLine[36500 15003 36668 14666 1000]
ElementLine[36332 15334 36500 15003 1000]
ElementLine[36332 15664 36332 15334 1000]
ElementLine[36168 16001 36332 15664 1000]
ElementLine[36000 16331 36168 16001 1000]
ElementLine[35832 16500 36000 16331 1000]
ElementLine[35664 16831 35832 16500 1000]
ElementLine[35664 17167 35664 16831 1000]
ElementLine[35501 17498 35664 17167 1000]
ElementLine[35333 17835 35501 17498 1000]
ElementLine[35165 17997 35333 17835 1000]
ElementLine[35003 18334 35165 17997 1000]
ElementLine[34833 18665 35003 18334 1000]
ElementLine[34665 19001 34833 18665 1000]
ElementLine[34497 19169 34665 19001 1000]
ElementLine[34335 19500 34497 19169 1000]
ElementLine[34167 19831 34335 19500 1000]
ElementLine[33999 20168 34167 19831 1000]
ElementLine[33836 20336 33999 20168 1000]
ElementLine[33836 20336 33500 20998 1000]
ElementLine[33331 21166 33500 20998 1000]
ElementLine[33168 21502 33331 21166 1000]
ElementLine[33000 21833 33168 21502 1000]
ElementLine[33000 21833 32500 22332 1000]
ElementLine[32333 22669 32500 22332 1000]
ElementLine[32165 22831 32333 22669 1000]
ElementLine[32001 23168 32165 22831 1000]
ElementLine[31832 23499 32001 23168 1000]
ElementLine[31832 23499 31167 24166 1000]
ElementLine[30999 24502 31167 24166 1000]
ElementLine[30836 24833 30999 24502 1000]
ElementLine[30499 25002 30836 24833 1000]
ElementLine[30331 25332 30499 25002 1000]
ElementLine[30168 25501 30331 25332 1000]
ElementLine[29832 25832 30168 25501 1000]
ElementLine[29669 26000 29832 25832 1000]
ElementLine[29501 26331 29669 26000 1000]
ElementLine[29333 26499 29501 26331 1000]
ElementLine[29001 26835 29333 26499 1000]
ElementLine[28833 26998 29001 26835 1000]
ElementLine[28503 27334 28833 26998 1000]
ElementLine[28335 27503 28503 27334 1000]
ElementLine[28167 27665 28335 27503 1000]
ElementLine[27835 28002 28167 27665 1000]
ElementLine[27667 28164 27835 28002 1000]
ElementLine[27331 28501 27667 28164 1000]
ElementLine[27168 28669 27331 28501 1000]
ElementLine[26832 28832 27168 28669 1000]
ElementLine[26669 29168 26832 28832 1000]
ElementLine[26332 29331 26669 29168 1000]
ElementLine[26164 29499 26332 29331 1000]
ElementLine[25833 29836 26164 29499 1000]
ElementLine[25665 29998 25833 29836 1000]
ElementLine[25335 30166 25665 29998 1000]
ElementLine[25167 30497 25335 30166 1000]
ElementLine[24835 30666 25167 30497 1000]
ElementLine[24667 30834 24835 30666 1000]
ElementLine[24336 31002 24667 30834 1000]
ElementLine[24168 31333 24336 31002 1000]
ElementLine[23832 31501 24168 31333 1000]
ElementLine[23500 31668 23832 31501 1000]
ElementLine[23332 31831 23500 31668 1000]
ElementLine[23001 32000 23332 31831 1000]
ElementLine[23001 32000 22503 32498 1000]
ElementLine[22165 32668 22503 32498 1000]
ElementLine[21997 32836 22165 32668 1000]
ElementLine[21667 32998 21997 32836 1000]
ElementLine[21336 33167 21667 32998 1000]
ElementLine[21168 33335 21336 33167 1000]
ElementLine[20831 33498 21168 33335 1000]
ElementLine[20831 33498 20169 33834 1000]
ElementLine[20001 34002 20169 33834 1000]
ElementLine[19665 34165 20001 34002 1000]
ElementLine[19333 34333 19665 34165 1000]
ElementLine[18997 34501 19333 34333 1000]
ElementLine[18835 34664 18997 34501 1000]
ElementLine[18498 34832 18835 34664 1000]
ElementLine[18167 35000 18498 34832 1000]
ElementLine[17831 35169 18167 35000 1000]
ElementLine[17668 35331 17831 35169 1000]
ElementLine[17332 35500 17668 35331 1000]
ElementLine[17001 35500 17332 35500 1000]
ElementLine[16664 35668 17001 35500 1000]
ElementLine[16334 35836 16664 35668 1000]
ElementLine[16165 35999 16334 35836 1000]
ElementLine[15833 36167 16165 35999 1000]
ElementLine[15498 36335 15833 36167 1000]
ElementLine[15167 36335 15498 36335 1000]
ElementLine[14831 36498 15167 36335 1000]
ElementLine[14831 36498 14169 36834 1000]
ElementLine[14001 36834 14169 36834 1000]
ElementLine[13664 37002 14001 36834 1000]
ElementLine[13333 37165 13664 37002 1000]
ElementLine[13002 37165 13333 37165 1000]
ElementLine[12666 37333 13002 37165 1000]
ElementLine[12335 37502 12666 37333 1000]
ElementLine[11999 37502 12335 37502 1000]
ElementLine[11668 37664 11999 37502 1000]
ElementLine[11331 37664 11668 37664 1000]
ElementLine[11000 37832 11331 37664 1000]
ElementLine[10832 37832 11000 37832 1000]
ElementLine[10501 38001 10832 37832 1000]
ElementLine[10165 38169 10501 38001 1000]
ElementLine[10165 38169 9498 38169 1000]
ElementLine[9167 38332 9498 38169 1000]
ElementLine[8836 38332 9167 38332 1000]
ElementLine[8499 38500 8836 38332 1000]
ElementLine[8168 38500 8499 38500 1000]
ElementLine[7832 38668 8168 38500 1000]
ElementLine[7832 38668 7165 38668 1000]
ElementLine[6834 38831 7165 38668 1000]
ElementLine[6834 38831 6166 38831 1000]
ElementLine[5836 38999 6166 38831 1000]
ElementLine[5836 38999 4832 38999 1000]
ElementLine[4501 39167 4832 38999 1000]
ElementLine[4501 39167 3166 39167 1000]
ElementLine[2835 39335 3166 39167 1000]
ElementLine[2835 39335 -2834 39335 1000]
ElementLine[-3165 39167 -2834 39335 1000]
ElementLine[-3165 39167 -4500 39167 1000]
ElementLine[-4831 38999 -4500 39167 1000]
ElementLine[-4831 38999 -5498 38999 1000]
ElementLine[-5834 38831 -5498 38999 1000]
ElementLine[-5834 38831 -6664 38831 1000]
ElementLine[-7001 38668 -6664 38831 1000]
ElementLine[-7332 38668 -7001 38668 1000]
ElementLine[-7668 38500 -7332 38668 1000]
ElementLine[-7668 38500 -8336 38500 1000]
ElementLine[-8666 38332 -8336 38500 1000]
ElementLine[-8997 38332 -8666 38332 1000]
ElementLine[-9334 38169 -8997 38332 1000]
ElementLine[-9665 38169 -9334 38169 1000]
ElementLine[-10001 38001 -9665 38169 1000]
ElementLine[-10332 38001 -10001 38001 1000]
ElementLine[-10668 37832 -10332 38001 1000]
ElementLine[-10999 37832 -10668 37832 1000]
ElementLine[-11336 37664 -10999 37832 1000]
ElementLine[-11667 37502 -11336 37664 1000]
ElementLine[-11835 37502 -11667 37502 1000]
ElementLine[-12166 37333 -11835 37502 1000]
ElementLine[-12502 37333 -12166 37333 1000]
ElementLine[-12833 37165 -12502 37333 1000]
ElementLine[-13164 37002 -12833 37165 1000]
ElementLine[-13500 37002 -13164 37002 1000]
ElementLine[-13831 36834 -13500 37002 1000]
ElementLine[-14168 36666 -13831 36834 1000]
ElementLine[-14499 36498 -14168 36666 1000]
ElementLine[-14667 36498 -14499 36498 1000]
ElementLine[-14998 36335 -14667 36498 1000]
ElementLine[-15334 36167 -14998 36335 1000]
ElementLine[-15665 35999 -15334 36167 1000]
ElementLine[-16002 35836 -15665 35999 1000]
ElementLine[-16331 35836 -16002 35836 1000]
ElementLine[-16501 35668 -16331 35836 1000]
ElementLine[-16832 35500 -16501 35668 1000]
ElementLine[-17168 35331 -16832 35500 1000]
ElementLine[-17499 35169 -17168 35331 1000]
ElementLine[-17835 35000 -17499 35169 1000]
ElementLine[-17998 34832 -17835 35000 1000]
ElementLine[-18334 34664 -17998 34832 1000]
ElementLine[-18665 34501 -18334 34664 1000]
ElementLine[-19002 34501 -18665 34501 1000]
ElementLine[-19164 34333 -19002 34501 1000]
ElementLine[-19501 34165 -19164 34333 1000]
ElementLine[-19832 34002 -19501 34165 1000]
ElementLine[-20168 33834 -19832 34002 1000]
ElementLine[-20331 33498 -20168 33834 1000]
ElementLine[-20667 33335 -20331 33498 1000]
ElementLine[-20998 33167 -20667 33335 1000]
ElementLine[-21166 32998 -20998 33167 1000]
ElementLine[-21497 32836 -21166 32998 1000]
ElementLine[-21834 32668 -21497 32836 1000]
ElementLine[-22002 32498 -21834 32668 1000]
ElementLine[-22333 32331 -22002 32498 1000]
ElementLine[-22669 32168 -22333 32331 1000]
ElementLine[-22832 32000 -22669 32168 1000]
ElementLine[-23168 31668 -22832 32000 1000]
ElementLine[-23331 31501 -23168 31668 1000]
ElementLine[-23668 31333 -23331 31501 1000]
ElementLine[-23998 31165 -23668 31333 1000]
ElementLine[-24167 30834 -23998 31165 1000]
ElementLine[-24498 30666 -24167 30834 1000]
ElementLine[-24666 30497 -24498 30666 1000]
ElementLine[-25002 30335 -24666 30497 1000]
ElementLine[-25165 29998 -25002 30335 1000]
ElementLine[-25501 29836 -25165 29998 1000]
ElementLine[-25664 29667 -25501 29836 1000]
ElementLine[-26000 29331 -25664 29667 1000]
ElementLine[-26169 29168 -26000 29331 1000]
ElementLine[-26500 29000 -26169 29168 1000]
ElementLine[-26668 28669 -26500 29000 1000]
ElementLine[-26999 28501 -26668 28669 1000]
ElementLine[-26999 28501 -27666 27834 1000]
ElementLine[-28002 27503 -27666 27834 1000]
ElementLine[-28165 27334 -28002 27503 1000]
ElementLine[-28165 27334 -28832 26667 1000]
ElementLine[-29001 26331 -28832 26667 1000]
ElementLine[-29332 26168 -29001 26331 1000]
ElementLine[-29500 25832 -29332 26168 1000]
ElementLine[-29668 25669 -29500 25832 1000]
ElementLine[-29999 25332 -29668 25669 1000]
ElementLine[-30167 25164 -29999 25332 1000]
ElementLine[-30335 24833 -30167 25164 1000]
ElementLine[-30498 24665 -30335 24833 1000]
ElementLine[-30834 24334 -30498 24665 1000]
ElementLine[-31003 23998 -30834 24334 1000]
ElementLine[-31165 23835 -31003 23998 1000]
ElementLine[-31334 23499 -31165 23835 1000]
ElementLine[-31664 23336 -31334 23499 1000]
ElementLine[-31832 23000 -31664 23336 1000]
ElementLine[-32001 22669 -31832 23000 1000]
ElementLine[-32169 22500 -32001 22669 1000]
ElementLine[-32332 22164 -32169 22500 1000]
ElementLine[-32499 21833 -32332 22164 1000]
ElementLine[-32668 21665 -32499 21833 1000]
ElementLine[-32831 21334 -32668 21665 1000]
ElementLine[-33167 20998 -32831 21334 1000]
ElementLine[-33336 20835 -33167 20998 1000]
ElementLine[-33498 20498 -33336 20835 1000]
ElementLine[-33666 20168 -33498 20498 1000]
ElementLine[-33835 19999 -33666 20168 1000]
ElementLine[-33997 19668 -33835 19999 1000]
ElementLine[-34166 19332 -33997 19668 1000]
ElementLine[-34334 19001 -34166 19332 1000]
ElementLine[-34502 18833 -34334 19001 1000]
ElementLine[-34665 18502 -34502 18833 1000]
ElementLine[-34833 18166 -34665 18502 1000]
ElementLine[-34833 17835 -34833 18166 1000]
ElementLine[-35001 17498 -34833 17835 1000]
ElementLine[-35169 17336 -35001 17498 1000]
ElementLine[-35332 16999 -35169 17336 1000]
ElementLine[-35500 16668 -35332 16999 1000]
ElementLine[-35668 16331 -35500 16668 1000]
ElementLine[-35831 16001 -35668 16331 1000]
ElementLine[-35831 15833 -35831 16001 1000]
ElementLine[-35999 15502 -35831 15833 1000]
ElementLine[-36167 15165 -35999 15502 1000]
ElementLine[-36336 14834 -36167 15165 1000]
ElementLine[-36336 14498 -36336 14834 1000]
ElementLine[-36498 14167 -36336 14498 1000]
ElementLine[-36667 13831 -36498 14167 1000]
ElementLine[-28832 -35833 -26500 -34167 1000]
ElementLine[-26500 -34167 -24167 -32663 1000]
ElementLine[-41669 -13833 -34502 -13833 1000]
ElementLine[-41669 -28835 -41669 -13833 1000]
ElementLine[34833 -13833 42169 -13833 1000]
ElementLine[42169 -13833 42169 -28835 1000]
ElementLine[34833 13831 41165 13831 1000]
ElementLine[15335 41001 41165 13831 1000]
ElementLine[-40665 13831 -14998 41001 1000]
ElementLine[-40665 13831 -34502 13831 1000]
ElementLine[34833 13831 34833 -13833 1000]
ElementLine[-34502 13831 -34502 -13833 1000]
ElementLine[-24167 -32663 -21666 -31499 1000]
ElementLine[-21666 -31499 -19002 -30332 1000]
ElementLine[-16331 -29333 -13669 -28335 1000]
ElementLine[-19002 -30332 -16331 -29333 1000]
ElementLine[-14998 41001 15335 41001 1000]
ElementLine[30331 -36169 29333 -35833 1000]
ElementLine[31665 -36500 30331 -36169 1000]
ElementLine[32832 -36668 31665 -36500 1000]
ElementLine[33999 -36668 32832 -36668 1000]
ElementLine[35165 -36332 33999 -36668 1000]
ElementLine[36332 -36001 35165 -36332 1000]
ElementLine[37497 -35501 36332 -36001 1000]
ElementLine[38501 -34835 37497 -35501 1000]
ElementLine[39332 -34167 38501 -34835 1000]
ElementLine[40167 -33169 39332 -34167 1000]
ElementLine[40835 -32165 40167 -33169 1000]
ElementLine[41501 -31167 40835 -32165 1000]
ElementLine[41833 -30000 41501 -31167 1000]
ElementLine[42169 -28835 41833 -30000 1000]
ElementLine[-41501 -30000 -41669 -28835 1000]
ElementLine[-41002 -31167 -41501 -30000 1000]
ElementLine[-40502 -32165 -41002 -31167 1000]
ElementLine[-39835 -33169 -40502 -32165 1000]
ElementLine[-39000 -34167 -39835 -33169 1000]
ElementLine[-38001 -34835 -39000 -34167 1000]
ElementLine[-36998 -35501 -38001 -34835 1000]
ElementLine[-35999 -36001 -36998 -35501 1000]
ElementLine[-34833 -36332 -35999 -36001 1000]
ElementLine[-33666 -36668 -34833 -36332 1000]
ElementLine[-32332 -36668 -33666 -36668 1000]
ElementLine[-31165 -36500 -32332 -36668 1000]
ElementLine[-29999 -36169 -31165 -36500 1000]
ElementLine[-28832 -35833 -29999 -36169 1000]
ElementLine[27000 -34167 29333 -35833 1000]
ElementLine[24499 -32663 27000 -34167 1000]
ElementLine[21997 -31499 24499 -32663 1000]
ElementLine[19501 -30332 21997 -31499 1000]
ElementLine[19501 -30332 14169 -28335 1000]
ElementLine[11331 -27668 14169 -28335 1000]
ElementLine[8668 -27168 11331 -27668 1000]
ElementLine[5836 -26832 8668 -27168 1000]
ElementLine[2998 -26501 5836 -26832 1000]
ElementLine[2998 -26501 -2666 -26501 1000]
ElementLine[-5498 -26832 -2666 -26501 1000]
ElementLine[-8167 -27168 -5498 -26832 1000]
ElementLine[-10999 -27668 -8167 -27168 1000]
ElementLine[-13669 -28335 -10999 -27668 1000]
)
